"Time"	kdgR	eda	gntR	idnR	idnO	idnT	idnK	gntU	gntK	idnD

0	0.7129714	0.0055642	0.6266883	0.0310731	0.1557070	0.1621504	0.1680161	0.7527221	0.3319134	0.0806254
50	0.6331078	0.0006786	0.6322375	0.0413571	0.1025606	0.2553482	0.1227166	0.5693801	0.3448802	0.1689039
100	0.6832064	0.0003605	0.6021183	0.0296298	0.1195837	0.1501691	0.1453694	0.6054623	0.3422776	0.1630192
150	0.7255979	0.0161681	0.6726648	0.0322450	0.1752622	0.1422811	0.1850479	0.5879417	0.2624268	0.2119334
200	0.6184819	0.0023701	0.7107544	0.0375016	0.1652081	0.1620422	0.1811027	0.6860006	0.3167714	0.2140822
250	0.6472087	0.0010189	0.7164009	0.0481282	0.1534412	0.1661258	0.2159124	0.6831406	0.3244358	0.2593514
300	0.6454369	0.0016770	0.6347965	0.0653701	0.1762253	0.1368219	0.0893576	0.6318430	0.3041503	0.1821699
350	0.6833711	0.0031434	0.7759238	0.0488188	0.1724402	0.1339136	0.1352985	0.7321794	0.2234754	0.2072187
400	0.7546053	0.0042293	0.6088188	0.0532618	0.2474070	0.1735251	0.1525158	0.6522715	0.3031868	0.2164745
450	0.5944412	0.0034583	0.6137137	0.1039341	0.1663800	0.1705927	0.1340158	0.6634824	0.2938596	0.1594113
500	0.7377362	0.0033266	0.6923051	0.0635047	0.1990175	0.1502868	0.1593306	0.6469455	0.4199179	0.3099803
550	0.6781585	0.0016616	0.7224883	0.0738521	0.1171831	0.1579627	0.1694752	0.6946121	0.2590174	0.1296195
600	0.6639103	0.0007056	0.6278293	0.0551562	0.1649071	0.1846589	0.1019249	0.6481769	0.2720395	0.1170182
650	0.6576934	0.0013133	0.7241218	0.0434432	0.1699501	0.2033526	0.1474448	0.7408629	0.3108981	0.0716529
700	0.6750722	0.0018288	0.7052332	0.0467607	0.1124074	0.1493538	0.1335712	0.6881422	0.3208230	0.0933448
750	0.7572575	0.0028987	0.6776510	0.0362224	0.1338706	0.0571257	0.1281722	0.8219503	0.3482853	0.1108603
800	0.7396059	0.0075061	0.7170613	0.0433387	0.1977026	0.0949536	0.1502714	0.6857760	0.3353865	0.0492053
850	0.7206892	0.0064547	0.6543998	0.0507085	0.1427500	0.1033446	0.1329375	0.6061161	0.3088011	0.0874118
900	0.5708576	0.0079200	0.7318156	0.0347623	0.1638904	0.1038898	0.1870694	0.8119677	0.3011188	0.0578716
950	0.5802972	0.0126848	0.6674026	0.0351455	0.1774715	0.0948927	0.1788462	0.8762728	0.2959448	0.1194544
1000	0.6532384	0.0010544	0.7277839	0.0658941	0.1887112	0.1639790	0.1408411	0.6271722	0.3156727	0.0705330

0	0.7363793	0.0076748	0.6845745	0.0442444	0.1619750	0.1645411	0.1284973	0.7443815	0.3672841	0.0658932
50	0.6604123	0.0010073	0.1740158	0.0177022	0.1441592	0.2111327	0.3055645	0.8065285	0.3421831	0.0854286
100	0.6686155	0.0516839	0.0279736	0.0939955	0.2260337	0.4250637	0.4693841	0.6220361	0.5634215	0.1036165
150	0.7484267	0.1811541	0.0063008	0.2549085	0.3892764	0.5506795	0.5217817	0.6508468	0.6758831	0.1770984
200	0.5649340	0.1933369	0.0238942	0.2181378	0.3423947	0.4190343	0.5537449	0.7302992	0.6822046	0.2630582
250	0.6730566	0.2265111	0.0371198	0.2369928	0.4548049	0.4435370	0.6176792	0.7001555	0.6486584	0.2466640
300	0.7167166	0.2841469	0.0284727	0.2619905	0.5487644	0.4827425	0.5970510	0.5867234	0.5584500	0.3432042
350	0.6470406	0.2198280	0.0312022	0.2829373	0.4616219	0.5318933	0.6508961	0.8512877	0.6515482	0.3830167
400	0.6196983	0.2601531	0.0125992	0.2438074	0.4638691	0.5436983	0.4835520	0.6978340	0.6738221	0.3151377
450	0.6405032	0.2915890	0.0140571	0.2308451	0.4535804	0.4755492	0.5989986	0.8433314	0.6023720	0.3657542
500	0.7678713	0.2474586	0.0045478	0.2077526	0.5939969	0.5434712	0.6007678	0.6444523	0.5011720	0.4320776
550	0.8650347	0.1143354	0.5072112	0.1901873	0.4852110	0.4052079	0.3516598	0.6577360	0.3423211	0.4051238
600	0.6974830	0.0401563	0.8435245	0.1338606	0.3173543	0.4080780	0.2201300	0.6527255	0.2260441	0.2134077
650	0.6357772	0.0172482	0.6692786	0.0473659	0.2717234	0.2177332	0.1353215	0.5644387	0.3259455	0.1642912
700	0.7237457	0.0073171	0.6185450	0.0462272	0.1849588	0.2059154	0.1612593	0.7190446	0.2680031	0.1165836
750	0.7988539	0.0003970	0.6988170	0.0519489	0.2255930	0.1751788	0.1946273	0.6528992	0.3225274	0.1498279
800	0.6865768	0.0050869	0.6121875	0.0393763	0.1549528	0.1771582	0.1494877	0.6422205	0.3033955	0.0788859
850	0.6505099	0.0007998	0.7288673	0.0409349	0.1111303	0.1060652	0.1450710	0.6694348	0.3223136	0.1207561
900	0.6745930	0.0021899	0.6908278	0.0203152	0.1758259	0.1353101	0.1244158	0.6558367	0.2962685	0.1432768
950	0.6976878	0.0071145	0.5807773	0.0446488	0.1185196	0.1054646	0.1007732	0.6839498	0.3108757	0.0999711
1000	0.7118080	0.0072445	0.7498099	0.0757379	0.1495570	0.1588423	0.1350821	0.5650225	0.4297755	0.0973874

0	0.7059109	0.0259601	0.5495537	0.0287915	0.1562934	0.1496481	0.1421226	0.6770104	0.3435289	0.0650080
50	0.6171385	0.0014452	0.2703650	0.0427659	0.4002134	0.2533789	0.1148332	0.7278543	0.2315766	0.0537444
100	0.6562563	0.0005548	0.2454216	0.2077348	0.5018013	0.4462293	0.1544138	0.7009268	0.5384944	0.1197172
150	0.6676109	0.0016444	0.1886405	0.2795180	0.5799854	0.5302267	0.2005017	0.5452414	0.3089185	0.2122193
200	0.6135449	0.0016131	0.1527030	0.3632729	0.6770492	0.7203403	0.1507924	0.7569028	0.2536473	0.2995737
250	0.6772834	0.0041103	0.1870233	0.3490995	0.6485779	0.5806427	0.3071970	0.6849996	0.2060436	0.3339443
300	0.7847473	0.0109936	0.1693485	0.5069412	0.5578249	0.6628027	0.2764985	0.7252434	0.2493191	0.3709908
350	0.7181076	0.0272514	0.1574547	0.5071840	0.6220720	0.7312358	0.2134445	0.6737807	0.2310427	0.4732626
400	0.7547721	0.0110651	0.1829724	0.5122473	0.7413974	0.5864633	0.2800244	0.7373320	0.2763419	0.4693270
450	0.7486338	0.0067973	0.1484733	0.5097440	0.6221245	0.6320734	0.3153097	0.7151161	0.2323645	0.4453257
500	0.6013519	0.0036181	0.2236820	0.5115993	0.7623713	0.6372172	0.2955181	0.6608812	0.1579589	0.4380929
550	0.6222272	0.0035020	0.6163170	0.2851283	0.5208537	0.4838658	0.3078523	0.7455699	0.1612226	0.3716796
600	0.6523618	0.0024317	0.6426852	0.1431894	0.5231772	0.2839441	0.1691549	0.5901472	0.2203621	0.2571027
650	0.7321476	0.0014202	0.7447578	0.0472303	0.3578667	0.2674441	0.1471071	0.5652318	0.2458813	0.1971894
700	0.7415974	0.0010500	0.6190438	0.0871801	0.2762029	0.1829293	0.1492173	0.7363644	0.4098784	0.0809127
750	0.5478143	0.0001689	0.6821147	0.0465442	0.2351395	0.1767197	0.1553055	0.6612761	0.3377717	0.0759801
800	0.7123757	0.0042157	0.7740209	0.0659212	0.1339363	0.0979670	0.1278628	0.7711819	0.3574294	0.1100005
850	0.6036379	0.0016862	0.6573161	0.0422411	0.1575170	0.1357790	0.1249838	0.6506485	0.2815387	0.0680472
900	0.6883757	0.0024584	0.6852537	0.0267486	0.1405250	0.1724442	0.1590239	0.6185579	0.3662396	0.1736135
950	0.5900033	0.0069733	0.7229354	0.0779519	0.1075667	0.1068195	0.1148847	0.5494038	0.3361859	0.0645290
1000	0.6176626	0.0014449	0.5291838	0.0378918	0.1405594	0.1866113	0.1549765	0.7644990	0.3864897	0.0874322

0	0.7382442	0.0095732	0.6170832	0.0378415	0.1405056	0.2379420	0.1625633	0.7127359	0.2705528	0.1028898
50	0.6191729	0.0015524	0.7057571	0.0133212	0.0897742	0.1764503	0.1510255	0.4396655	0.0733837	0.1103974
100	0.5165081	0.0039404	0.7591469	0.0052302	0.0626625	0.1130394	0.1431242	0.4357597	0.0029549	0.1463370
150	0.6181580	0.0015438	0.5845096	0.0015374	0.0238661	0.1637413	0.1112847	0.4872166	0.0001438	0.1445368
200	0.6503784	0.0012807	0.7409779	0.0048677	0.0198554	0.1048522	0.1590452	0.5508677	0.0000635	0.1182150
250	0.5114511	0.0006063	0.7511380	0.0020726	0.0252263	0.0964607	0.1877075	0.5133252	0.0002281	0.1036861
300	0.6364778	0.0022096	0.5683633	0.0046634	0.0230835	0.1420669	0.1039489	0.4808725	0.0002582	0.1453354
350	0.4583680	0.0039673	0.5530665	0.0065687	0.0523989	0.1256761	0.1185072	0.4145787	0.0008256	0.1183244
400	0.4746646	0.0034319	0.6923083	0.0107094	0.0268880	0.1520570	0.1289628	0.5009574	0.0100400	0.1540600
450	0.6421047	0.0031650	0.5925699	0.0102672	0.0225476	0.1363610	0.1317543	0.4260474	0.0000757	0.1572601
500	0.7122804	0.0004333	0.6987960	0.0046444	0.0595884	0.1147855	0.1189956	0.5466094	0.0009128	0.1195305
550	0.7756759	0.0000000	0.7309605	0.0290696	0.0999803	0.1568618	0.1868527	0.6900580	0.3353318	0.0958988
600	0.7067116	0.0028583	0.6232451	0.0102246	0.1429475	0.1414048	0.1393331	0.7001109	0.3280743	0.0760794
650	0.7064736	0.0039208	0.6870262	0.0321618	0.1448238	0.1498099	0.1374170	0.5801703	0.3460561	0.1073803
700	0.7450576	0.0044527	0.7624335	0.0664443	0.1759455	0.1392849	0.1673820	0.6335772	0.2850774	0.0447109
750	0.6563547	0.0053370	0.7985246	0.0351067	0.1934566	0.1423906	0.1356986	0.6163750	0.3001677	0.0813243
800	0.6454592	0.0068752	0.7263080	0.0615100	0.1466986	0.0871460	0.1519338	0.6674266	0.3012265	0.0953724
850	0.7421101	0.0025068	0.6465567	0.0555309	0.1014538	0.1284316	0.1356194	0.6542461	0.3876769	0.0850581
900	0.6127899	0.0150830	0.7299697	0.0831284	0.1699081	0.1057746	0.1175107	0.5612184	0.3345571	0.1369883
950	0.8138897	0.0009766	0.6059959	0.0570023	0.1820208	0.1540480	0.1087477	0.5631479	0.3499781	0.0886693
1000	0.7207801	0.0008936	0.5553248	0.0483680	0.1277477	0.1474893	0.1583915	0.6016722	0.3490597	0.0747795

0	0.7706045	0.0117476	0.6978462	0.0224019	0.1793014	0.1563595	0.1333036	0.7346887	0.3671947	0.0775815
50	0.1365847	0.0016028	0.6830505	0.0579221	0.0966790	0.0608043	0.0603563	0.4504519	0.3228041	0.0867555
100	0.0586842	0.0015748	0.6865489	0.0842688	0.0545335	0.0694995	0.0164149	0.5404386	0.2963352	0.0727669
150	0.0136436	0.0384669	0.7402116	0.0479697	0.0811310	0.0614779	0.0083093	0.3905311	0.3365250	0.0791079
200	0.0181457	0.2609576	0.7821675	0.0765615	0.0667180	0.0639136	0.0051687	0.3195266	0.3784005	0.0685278
250	0.0248318	0.3932448	0.7589686	0.0486226	0.0385744	0.0610989	0.0003269	0.4662713	0.3235595	0.0621508
300	0.0255536	0.5788005	0.7583072	0.0669520	0.0266047	0.0761336	0.0020579	0.4519856	0.2734412	0.0986251
350	0.0370145	0.5790834	0.6011355	0.0529127	0.0570878	0.0919546	0.0010227	0.4266476	0.3963068	0.0645215
400	0.0566754	0.5430503	0.6546945	0.0250602	0.0285973	0.0669766	0.0015255	0.4474716	0.3700535	0.0784056
450	0.0529126	0.5490172	0.7751943	0.0524054	0.0442570	0.1207655	0.0037215	0.5043896	0.3059094	0.0985235
500	0.0420135	0.6298882	0.6178171	0.0512063	0.0292100	0.0930358	0.0024025	0.3870464	0.2818583	0.0685228
550	0.4876191	0.2376044	0.5575537	0.0758286	0.0995312	0.1185220	0.0913225	0.5881952	0.2806808	0.0609397
600	0.6075604	0.1243433	0.5946758	0.0378354	0.1044812	0.1443844	0.1556968	0.6171754	0.2981223	0.0727084
650	0.6612591	0.0458214	0.5922313	0.0652796	0.1786069	0.1702073	0.1103184	0.6818018	0.3465117	0.0914516
700	0.7491712	0.0143518	0.6519090	0.0321530	0.1109714	0.1790799	0.1152254	0.6065067	0.2935911	0.1121069
750	0.7524579	0.0022335	0.6486826	0.0380257	0.1425874	0.1433685	0.1101894	0.5948317	0.3248315	0.1084234
800	0.7087830	0.0029129	0.6280779	0.0579475	0.1492738	0.1348818	0.1111364	0.6980128	0.3339015	0.0838263
850	0.7209601	0.0080926	0.6280212	0.0364058	0.2025785	0.1378420	0.1549587	0.7944420	0.3083814	0.0952244
900	0.7629950	0.0016017	0.6858047	0.0312302	0.1536358	0.1615501	0.1397953	0.5218660	0.3882840	0.1614567
950	0.7511491	0.0047752	0.6914022	0.0262517	0.1591055	0.1497458	0.1643458	0.6944016	0.3368208	0.0701860
1000	0.7031260	0.0032900	0.6454642	0.0600899	0.1348125	0.1341474	0.1465332	0.7351957	0.3115163	0.1111254

0	0.6570568	0.0041141	0.7808248	0.0359953	0.1634653	0.1559511	0.1529889	0.7631538	0.3498695	0.1237592
50	0.5703402	0.0013477	0.7649854	0.0497093	0.1424161	0.1939462	0.2949350	0.6124618	0.3305619	0.0609105
100	0.6815812	0.0032327	0.6649381	0.0315857	0.1780710	0.1062758	0.4381753	0.6765136	0.2960278	0.0993298
150	0.6157989	0.0030683	0.7088522	0.0505279	0.1336030	0.1601595	0.4071193	0.6173795	0.3441604	0.1161093
200	0.6086145	0.0003306	0.5743161	0.0483015	0.2203083	0.1231569	0.3820180	0.7649970	0.3287775	0.0782968
250	0.6352805	0.0028832	0.7647286	0.0552004	0.1879093	0.1943696	0.3752773	0.5504522	0.3644425	0.1108192
300	0.6471141	0.0017824	0.6267945	0.0295510	0.1350322	0.0935645	0.4622294	0.7076402	0.3863759	0.0754560
350	0.7277368	0.0065069	0.7095668	0.0273169	0.1033667	0.1685239	0.4355909	0.6455594	0.3331020	0.1272634
400	0.6670571	0.0057924	0.6698507	0.0467693	0.1163921	0.1432125	0.3484943	0.7035955	0.2809490	0.0916007
450	0.7423408	0.0020778	0.7385217	0.0590048	0.0857362	0.1299842	0.4326597	0.6534599	0.3148598	0.0632234
500	0.6914853	0.0013863	0.5651999	0.0416778	0.2081762	0.1307104	0.3593946	0.6782296	0.3550706	0.1071235
550	0.6542119	0.0019647	0.6126843	0.0385740	0.1911493	0.1116143	0.1734238	0.7860266	0.2956267	0.0759551
600	0.8542648	0.0020557	0.6339273	0.0361362	0.1327800	0.1352784	0.2030549	0.6660999	0.2469141	0.0588170
650	0.6737757	0.0000470	0.6875365	0.0560963	0.2115284	0.1746367	0.1085806	0.6431162	0.3042079	0.0948431
700	0.7893689	0.0172286	0.7325388	0.0377198	0.2345526	0.1100978	0.1381331	0.8313653	0.3340274	0.0572349
750	0.6228456	0.0059184	0.7876834	0.0595853	0.1814588	0.1797575	0.1158170	0.7154329	0.2911837	0.0791986
800	0.6462415	0.0118869	0.6793646	0.0229296	0.1009204	0.1521957	0.1347597	0.6567261	0.2980111	0.0830698
850	0.7254863	0.0032610	0.5926465	0.0621335	0.1387452	0.0994541	0.1040523	0.6851278	0.3944020	0.0622548
900	0.6782965	0.0083457	0.6869286	0.0828209	0.1237541	0.1915818	0.1129197	0.7550265	0.3145113	0.0934015
950	0.8053106	0.0023849	0.6484135	0.0383874	0.1476696	0.2169709	0.1332248	0.6034988	0.3095372	0.1252509
1000	0.7309449	0.0034981	0.7056643	0.0419340	0.1696658	0.1824419	0.2225850	0.5909297	0.3329315	0.0923339

0	0.6786721	0.0071833	0.6144292	0.0259363	0.1648490	0.1844760	0.1578037	0.6660660	0.3279623	0.0986573
50	0.6478350	0.0029435	0.6385183	0.0263713	0.1371140	0.1146370	0.0581653	0.6034607	0.3432830	0.2840230
100	0.6176310	0.0000443	0.6425431	0.0094089	0.1083335	0.0622883	0.0339630	0.6367322	0.2879489	0.2835169
150	0.6925848	0.0000000	0.5681307	0.0133650	0.1205454	0.1043046	0.0366799	0.7117706	0.3807466	0.3995621
200	0.6718842	0.0025068	0.6440666	0.0053643	0.0989484	0.0699223	0.0388480	0.6112970	0.2872626	0.3498376
250	0.6238924	0.0066203	0.6779960	0.0054157	0.1450380	0.0649999	0.0435751	0.6403683	0.3784825	0.3929810
300	0.6106370	0.0114112	0.7718582	0.0082857	0.1513014	0.0676679	0.0320479	0.5204539	0.3672423	0.3728646
350	0.6776190	0.0076568	0.6492309	0.0046140	0.1707719	0.0687995	0.0188940	0.6154781	0.2971323	0.4302987
400	0.7793443	0.0031587	0.6393944	0.0114264	0.2032265	0.0777524	0.0469598	0.5661989	0.3755381	0.3851140
450	0.7052255	0.0061823	0.5749483	0.0056193	0.2215972	0.0502427	0.0537836	0.5250574	0.3796502	0.3223592
500	0.6461257	0.0002150	0.7558592	0.0033381	0.1734607	0.0341555	0.0438056	0.6289580	0.3480383	0.3076370
550	0.5803985	0.0008977	0.7310902	0.0361280	0.1806457	0.1320512	0.1134347	0.6010108	0.3527302	0.0679727
600	0.9423273	0.0069403	0.7997616	0.0355939	0.1724842	0.0903866	0.1252512	0.5730033	0.3254975	0.0686086
650	0.7286447	0.0120989	0.6720854	0.0706688	0.1044564	0.1052188	0.1783380	0.5578091	0.3266738	0.0577125
700	0.8210905	0.0096661	0.6607267	0.0581065	0.1033348	0.1296088	0.1408366	0.6459565	0.3066661	0.1220943
750	0.6886975	0.0068413	0.7088428	0.0526364	0.2066117	0.1747606	0.0834608	0.7305997	0.2942578	0.0777346
800	0.5742033	0.0077330	0.6802767	0.0464203	0.1083073	0.0889022	0.1219723	0.7948422	0.3537160	0.0735189
850	0.5720623	0.0013933	0.6445525	0.0425620	0.1194187	0.0942015	0.1147707	0.5921850	0.2742285	0.0747888
900	0.6697640	0.0033485	0.6880522	0.0738452	0.1511414	0.1245262	0.1245474	0.5579431	0.2483143	0.0918086
950	0.5497140	0.0042472	0.5862839	0.0572639	0.1320165	0.1182125	0.1233074	0.7992939	0.2581695	0.1017785
1000	0.7117966	0.0015201	0.7355330	0.0620907	0.1774118	0.1371865	0.1157028	0.6331990	0.2861732	0.1152234

0	0.6985329	0.0124758	0.5843986	0.0447570	0.2140661	0.1670731	0.1175075	0.6239528	0.4052618	0.0611466
50	0.3603332	0.0152760	0.2012310	0.0836218	0.2260356	0.2926903	0.1663423	0.7478765	0.2996620	0.1244340
100	0.3360132	0.0524314	0.0853248	0.2160302	0.3109839	0.6055070	0.2306259	0.6134739	0.3873008	0.1567956
150	0.3444081	0.2847896	0.0378807	0.3765836	0.3658484	0.6703332	0.3080751	0.7265846	0.4171835	0.3458512
200	0.3049499	0.3626201	0.0659809	0.2969247	0.5944685	0.7275029	0.3490413	0.7272676	0.5146169	0.3249784
250	0.3879965	0.3806823	0.0647642	0.3885480	0.6959379	0.7213671	0.3821492	0.6440181	0.4663621	0.4223724
300	0.3240381	0.4444764	0.0414473	0.4046041	0.5629973	0.6400117	0.3689135	0.7056768	0.4749277	0.3703357
350	0.2504031	0.3892271	0.0514550	0.3626573	0.6083619	0.5488481	0.3823706	0.8128786	0.5085654	0.4274214
400	0.3350877	0.3915052	0.0678615	0.4024153	0.5792048	0.8530629	0.5003271	0.5166082	0.4401612	0.4340549
450	0.3488244	0.4435106	0.0534793	0.4426479	0.5263973	0.7180100	0.4279332	0.6583819	0.5212085	0.4680486
500	0.3523803	0.3695953	0.0567233	0.3623271	0.6201296	0.6608741	0.3927647	0.7587261	0.4400194	0.3464540
550	0.5921741	0.1410549	0.5442092	0.2747422	0.6183643	0.6018681	0.3210414	0.6077657	0.2925064	0.3885116
600	0.6989355	0.0924898	0.7124399	0.1748168	0.6118821	0.2090020	0.1393402	0.5722017	0.2843819	0.2769887
650	0.6650545	0.0560778	0.6074496	0.1177159	0.4733279	0.3192792	0.2070686	0.6135990	0.2205865	0.1864699
700	0.6988986	0.0089094	0.7119389	0.0509915	0.3078680	0.2414669	0.1644968	0.6705917	0.3090396	0.1865804
750	0.5149052	0.0088788	0.6538993	0.0428311	0.1990914	0.2718244	0.1391286	0.8324701	0.2485209	0.1427261
800	0.6773190	0.0050315	0.8216708	0.0791686	0.1406626	0.1604530	0.1576116	0.5855134	0.2776552	0.1052889
850	0.6971688	0.0013427	0.7059136	0.0510875	0.1052559	0.1502869	0.0926388	0.6409524	0.2676398	0.0911655
900	0.7848694	0.0031777	0.6059165	0.0443593	0.0901868	0.1495530	0.1182726	0.6939372	0.3096706	0.0658316
950	0.7405493	0.0121910	0.6822834	0.0602473	0.1783362	0.1323404	0.1300810	0.7442824	0.3513459	0.0696478
1000	0.5480110	0.0054567	0.7134079	0.0573971	0.1055792	0.1291799	0.1617969	0.6653588	0.2945520	0.0498512

0	0.6162409	0.0220938	0.7687997	0.0830080	0.1293649	0.1443218	0.1494734	0.6354893	0.3334398	0.0534396
50	0.7427937	0.0010633	0.6762069	0.0110582	0.1358397	0.2229225	0.1935578	0.6982835	0.3179703	0.1271183
100	0.6598724	0.0000374	0.6045054	0.0132962	0.1392896	0.1590829	0.1300376	0.6612598	0.2616557	0.0808639
150	0.6384087	0.0001341	0.6545346	0.0097676	0.1562178	0.0745665	0.1396473	1.0000000	0.3776158	0.0771043
200	0.7704012	0.0000070	0.6852265	0.0089576	0.0883191	0.1012149	0.1840379	0.7256508	0.3017791	0.0919360
250	0.7835901	0.0009068	0.7160685	0.0039132	0.0922347	0.0993880	0.1262265	0.7286594	0.2459540	0.1848734
300	0.6056412	0.0018715	0.7162557	0.0006027	0.1339644	0.1365519	0.0880124	0.7870926	0.2571118	0.1657071
350	0.6972112	0.0001470	0.5964270	0.0067785	0.1702352	0.1282006	0.1387338	0.6051490	0.2354487	0.1130841
400	0.6537306	0.0000131	0.6441643	0.0009792	0.1416664	0.1364427	0.1395754	0.6518031	0.2880348	0.0979634
450	0.5819839	0.0000792	0.6210557	0.0010447	0.1035755	0.1167436	0.1455361	0.7307842	0.3308156	0.1210210
500	0.7016929	0.0023426	0.6212720	0.0030942	0.1497047	0.1251636	0.1330525	0.6472552	0.2481773	0.0738515
550	0.5475341	0.0005672	0.6657048	0.0516871	0.1683912	0.1843708	0.1355762	0.6562047	0.2614153	0.0533087
600	0.7147076	0.0014491	0.7938918	0.0348842	0.2006062	0.1806059	0.1388228	0.6176225	0.2488758	0.0430468
650	0.5923157	0.0007530	0.6604094	0.0334111	0.1196592	0.1226956	0.1223369	0.8026502	0.4291752	0.0433780
700	0.6721117	0.0007006	0.7239354	0.0444798	0.1457906	0.1472550	0.1357478	0.6162872	0.3705149	0.1035052
750	0.7783001	0.0001090	0.5726723	0.0654157	0.0981880	0.1795171	0.1575214	0.7351465	0.3977317	0.0761767
800	0.6462064	0.0002733	0.8208038	0.0494261	0.2193044	0.1609556	0.1079580	0.5388691	0.4200179	0.1328779
850	0.6271355	0.0042785	0.7820104	0.0439456	0.1154204	0.1687425	0.1299964	0.6481017	0.3366691	0.0675003
900	0.6498856	0.0041285	0.6803181	0.0529767	0.1908380	0.1181420	0.1302833	0.7598444	0.3675133	0.0519091
950	0.6931594	0.0060335	0.6938678	0.0605259	0.1205898	0.1290181	0.0932991	0.6274305	0.2981986	0.0829933
1000	0.6884389	0.0025135	0.6784246	0.0565123	0.1841069	0.1658001	0.1689923	0.6917042	0.2670321	0.1416559

0	0.8145315	0.0029566	0.6341103	0.0276457	0.1423850	0.1469026	0.1680551	0.6545864	0.3480727	0.0808215
50	0.5076008	0.0037236	0.6627309	0.0295049	0.1627239	0.1266449	0.1633263	0.6025435	0.2485770	0.0645659
100	0.6931055	0.0052127	0.6872930	0.0307512	0.1420996	0.0985367	0.1485796	0.6406566	0.4117916	0.0925125
150	0.7303392	0.0028862	0.7423876	0.0055903	0.1463681	0.0916308	0.1387824	0.7347599	0.4108666	0.0684296
200	0.6277892	0.0024842	0.7429679	0.0042525	0.1456743	0.0834779	0.1462718	0.6579926	0.2978988	0.0263512
250	0.6343553	0.0030189	0.6779043	0.0145827	0.2174300	0.1265083	0.1094472	0.7131331	0.3310689	0.0299418
300	0.6499685	0.0013224	0.6488423	0.0041807	0.2084974	0.1362369	0.0978360	0.7340403	0.3411219	0.0258935
350	0.6893667	0.0142314	0.6462373	0.0144285	0.1479906	0.1056716	0.1108521	0.6954171	0.2891275	0.0204875
400	0.5935619	0.0052571	0.5771134	0.0014394	0.1282426	0.0677363	0.1009761	0.6757119	0.3590092	0.0541957
450	0.6192019	0.0002894	0.6719161	0.0013894	0.1487298	0.1664402	0.1134263	0.6438106	0.4286799	0.0276718
500	0.6398224	0.0083939	0.5346741	0.0006582	0.1507404	0.1114463	0.1062588	0.5492856	0.3332655	0.0228132
550	0.6232790	0.0019641	0.7153999	0.0530950	0.1759541	0.1686958	0.1431468	0.6784102	0.3446566	0.0309133
600	0.5920353	0.0019835	0.7090217	0.0404002	0.1767624	0.1861541	0.1567837	0.7516341	0.2564039	0.0733697
650	0.7051502	0.0000000	0.6485662	0.0489596	0.1404119	0.1132158	0.1214542	0.6434003	0.3196820	0.0671590
700	0.6426456	0.0042062	0.7858404	0.0435338	0.1273619	0.1060158	0.0880241	0.6778116	0.3119347	0.1184533
750	0.6071357	0.0024653	0.6549416	0.0593805	0.1363691	0.1591728	0.1246713	0.5717057	0.3746467	0.0608819
800	0.6567572	0.0034163	0.6902189	0.0464316	0.1771511	0.1483328	0.1100083	0.6845825	0.3217831	0.0889399
850	0.6505669	0.0016783	0.7581216	0.0481799	0.1926847	0.1384999	0.1093606	0.7970339	0.3988779	0.0696864
900	0.6391530	0.0041657	0.7106196	0.0249684	0.2080623	0.1228203	0.1299677	0.6317625	0.3880526	0.0706714
950	0.7227368	0.0098949	0.4874613	0.0598621	0.1444701	0.1043061	0.1080011	0.6727903	0.3240310	0.0802208
1000	0.7430783	0.0025843	0.6480403	0.0431153	0.1878542	0.1451371	0.1404350	0.8102690	0.2747079	0.0886262
